[12, 8, 3] [-4, -3]
[21, 8, 3] [-3, -7]
[24, 8, 3] [-8, -3]
[28, 8, 3] [-4, -7]
[33, 8, 3] [-3, -11]
[40, 8, 2] [8, 5]
[44, 8, 3] [-4, -11]
[56, 8, 3] [-8, -7]
[57, 8, 3] [-3, -19]
[65, 8, 2] [5, 13]
[69, 8, 3] [-3, -23]
[76, 8, 3] [-4, -19]
[77, 8, 3] [-7, -11]
[85, 8, 2] [5, 17]
[88, 8, 3] [-8, -11]
[92, 8, 3] [-4, -23]
[93, 8, 3] [-3, -31]
[104, 8, 2] [8, 13]
[124, 8, 3] [-4, -31]
[129, 8, 3] [-3, -43]
[133, 8, 3] [-7, -19]
[136, 4, 2] [8, 17]
[141, 8, 3] [-3, -47]
[145, 4, 2] [5, 29]
[152, 8, 3] [-8, -19]
[161, 8, 3] [-7, -23]
[172, 8, 3] [-4, -43]
[177, 8, 3] [-3, -59]
[184, 8, 3] [-8, -23]
[185, 8, 2] [5, 37]
[188, 8, 3] [-4, -47]
[201, 8, 3] [-3, -67]
[205, 4, 2] [5, 41]
[209, 8, 3] [-11, -19]
[213, 8, 3] [-3, -71]
[217, 8, 3] [-7, -31]
[221, 4, 2] [13, 17]
[232, 8, 2] [8, 29]
[236, 8, 3] [-4, -59]
[237, 8, 3] [-3, -79]
[248, 8, 3] [-8, -31]
[249, 8, 3] [-3, -83]
[253, 8, 3] [-11, -23]
[265, 8, 2] [5, 53]
[268, 8, 3] [-4, -67]
[284, 8, 3] [-4, -71]
[296, 8, 2] [8, 37]
[301, 8, 3] [-7, -43]
[305, 4, 2] [5, 61]
[309, 8, 3] [-3, -103]
[316, 8, 3] [-4, -79]
[321, 8, 3] [-3, -107]
[328, 4, 2] [8, 41]
[329, 8, 3] [-7, -47]
[332, 8, 3] [-4, -83]
[341, 8, 3] [-11, -31]
[344, 8, 3] [-8, -43]
[365, 8, 2] [5, 73]
[376, 8, 3] [-8, -47]
[377, 4, 2] [13, 29]
[381, 8, 3] [-3, -127]
[393, 8, 3] [-3, -131]
[412, 8, 3] [-4, -103]
[413, 8, 3] [-7, -59]
[417, 8, 3] [-3, -139]
[424, 8, 2] [8, 53]
[428, 8, 3] [-4, -107]
[437, 8, 3] [-19, -23]
[445, 4, 2] [5, 89]
[453, 8, 3] [-3, -151]
[469, 8, 3] [-7, -67]
[472, 8, 3] [-8, -59]
[473, 8, 3] [-11, -43]
[481, 8, 2] [13, 37]
[485, 8, 2] [5, 97]
[488, 8, 2] [8, 61]
[489, 8, 3] [-3, -163]
[493, 8, 2] [17, 29]
[497, 8, 3] [-7, -71]
[501, 8, 3] [-3, -167]
[505, 4, 2] [5, 101]
[508, 8, 3] [-4, -127]
[517, 8, 3] [-11, -47]
[524, 8, 3] [-4, -131]
[533, 8, 2] [13, 41]
[536, 8, 3] [-8, -67]
[537, 8, 3] [-3, -179]
[545, 4, 2] [5, 109]
[553, 8, 3] [-7, -79]
[556, 8, 3] [-4, -139]
[565, 8, 2] [5, 113]
[568, 8, 3] [-8, -71]
[573, 8, 3] [-3, -191]
[581, 8, 3] [-7, -83]
[584, 4, 2] [8, 73]
[589, 8, 3] [-19, -31]
[597, 8, 3] [-3, -199]
[604, 8, 3] [-4, -151]
[629, 8, 2] [17, 37]
[632, 8, 3] [-8, -79]
[633, 8, 3] [-3, -211]
[649, 8, 3] [-11, -59]
[652, 8, 3] [-4, -163]
[664, 8, 3] [-8, -83]
[668, 8, 3] [-4, -167]
[669, 8, 3] [-3, -223]
[681, 8, 3] [-3, -227]
[685, 8, 2] [5, 137]
[689, 4, 2] [13, 53]
[697, 8, 2] [17, 41]
[712, 4, 2] [8, 89]
[713, 8, 3] [-23, -31]
[716, 8, 3] [-4, -179]
[717, 8, 3] [-3, -239]
[721, 8, 3] [-7, -103]
[737, 8, 3] [-11, -67]
[745, 4, 2] [5, 149]
[749, 8, 3] [-7, -107]
[753, 8, 3] [-3, -251]
[764, 8, 3] [-4, -191]
[776, 4, 2] [8, 97]
[781, 8, 3] [-11, -71]
[785, 8, 2] [5, 157]
[789, 8, 3] [-3, -263]
[793, 4, 2] [13, 61]
[796, 8, 3] [-4, -199]
[808, 8, 2] [8, 101]
[813, 8, 3] [-3, -271]
[817, 8, 3] [-19, -43]
[824, 8, 3] [-8, -103]
[844, 8, 3] [-4, -211]
[849, 8, 3] [-3, -283]
[856, 8, 3] [-8, -107]
[865, 8, 2] [5, 173]
[869, 8, 3] [-11, -79]
[872, 8, 2] [8, 109]
[889, 8, 3] [-7, -127]
[892, 8, 3] [-4, -223]
[893, 8, 3] [-19, -47]
[901, 4, 2] [17, 53]
[904, 4, 2] [8, 113]
[905, 4, 2] [5, 181]
[908, 8, 3] [-4, -227]
[913, 8, 3] [-11, -83]
[917, 8, 3] [-7, -131]
[921, 8, 3] [-3, -307]
[933, 8, 3] [-3, -311]
[949, 8, 2] [13, 73]
[956, 8, 3] [-4, -239]
[965, 8, 2] [5, 193]
[973, 8, 3] [-7, -139]
[985, 8, 2] [5, 197]
[989, 8, 3] [-23, -43]
[993, 8, 3] [-3, -331]
[1004, 8, 3] [-4, -251]
[1016, 8, 3] [-8, -127]
[1037, 8, 2] [17, 61]
[1041, 8, 3] [-3, -347]
[1048, 8, 3] [-8, -131]
[1052, 8, 3] [-4, -263]
[1057, 8, 3] [-7, -151]
[1073, 8, 2] [29, 37]
[1077, 8, 3] [-3, -359]
[1081, 8, 3] [-23, -47]
[1084, 8, 3] [-4, -271]
[1096, 4, 2] [8, 137]
[1101, 8, 3] [-3, -367]
[1112, 8, 3] [-8, -139]
[1121, 8, 3] [-19, -59]
[1132, 8, 3] [-4, -283]
[1133, 8, 3] [-11, -103]
[1137, 8, 3] [-3, -379]
[1141, 8, 3] [-7, -163]
[1145, 4, 2] [5, 229]
[1149, 8, 3] [-3, -383]
[1157, 8, 2] [13, 89]
[1165, 8, 2] [5, 233]
[1169, 8, 3] [-7, -167]
[1177, 8, 3] [-11, -107]
[1189, 8, 2] [29, 41]
[1192, 8, 2] [8, 149]
[1205, 4, 2] [5, 241]
[1208, 8, 3] [-8, -151]
[1228, 8, 3] [-4, -307]
[1241, 8, 2] [17, 73]
[1244, 8, 3] [-4, -311]
[1253, 8, 3] [-7, -179]
[1256, 8, 2] [8, 157]
[1257, 8, 3] [-3, -419]
[1261, 8, 2] [13, 97]
[1273, 8, 3] [-19, -67]
[1285, 8, 2] [5, 257]
[1293, 8, 3] [-3, -431]
[1304, 8, 3] [-8, -163]
[1313, 4, 2] [13, 101]
[1317, 8, 3] [-3, -439]
[1324, 8, 3] [-4, -331]
[1329, 8, 3] [-3, -443]
[1333, 8, 3] [-31, -43]
[1336, 8, 3] [-8, -167]
[1337, 8, 3] [-7, -191]
[1345, 4, 2] [5, 269]
[1349, 8, 3] [-19, -71]
[1357, 8, 3] [-23, -59]
[1384, 8, 2] [8, 173]
[1385, 8, 2] [5, 277]
[1388, 8, 3] [-4, -347]
[1389, 8, 3] [-3, -463]
[1393, 8, 3] [-7, -199]
[1397, 8, 3] [-11, -127]
[1401, 8, 3] [-3, -467]
[1405, 4, 2] [5, 281]
[1417, 8, 2] [13, 109]
[1432, 8, 3] [-8, -179]
[1436, 8, 3] [-4, -359]
[1437, 8, 3] [-3, -479]
[1441, 8, 3] [-11, -131]
[1448, 8, 2] [8, 181]
[1457, 8, 3] [-31, -47]
[1461, 8, 3] [-3, -487]
[1465, 8, 2] [5, 293]
[1468, 8, 3] [-4, -367]
[1469, 4, 2] [13, 113]
[1473, 8, 3] [-3, -491]
[1477, 8, 3] [-7, -211]
[1497, 8, 3] [-3, -499]
[1501, 8, 3] [-19, -79]
[1509, 8, 3] [-3, -503]
[1513, 4, 2] [17, 89]
[1516, 8, 3] [-4, -379]
[1517, 4, 2] [37, 41]
[1528, 8, 3] [-8, -191]
[1529, 8, 3] [-11, -139]
[1532, 8, 3] [-4, -383]
[1537, 4, 2] [29, 53]
[1541, 8, 3] [-23, -67]
[1544, 4, 2] [8, 193]
[1561, 8, 3] [-7, -223]
[1565, 8, 2] [5, 313]
[1569, 8, 3] [-3, -523]
[1576, 8, 2] [8, 197]
[1577, 8, 3] [-19, -83]
[1585, 8, 2] [5, 317]
[1589, 8, 3] [-7, -227]
[1592, 8, 3] [-8, -199]
[1633, 8, 3] [-23, -71]
[1641, 8, 3] [-3, -547]
[1649, 8, 2] [17, 97]
[1661, 8, 3] [-11, -151]
[1673, 8, 3] [-7, -239]
[1676, 8, 3] [-4, -419]
[1685, 8, 2] [5, 337]
[1688, 8, 3] [-8, -211]
[1689, 8, 3] [-3, -563]
[1713, 8, 3] [-3, -571]
[1717, 4, 2] [17, 101]
[1724, 8, 3] [-4, -431]
[1745, 4, 2] [5, 349]
[1756, 8, 3] [-4, -439]
[1757, 8, 3] [-7, -251]
[1761, 8, 3] [-3, -587]
[1765, 8, 2] [5, 353]
[1769, 8, 2] [29, 61]
[1772, 8, 3] [-4, -443]
[1781, 8, 2] [13, 137]
[1784, 8, 3] [-8, -223]
[1793, 8, 3] [-11, -163]
[1797, 8, 3] [-3, -599]
[1816, 8, 3] [-8, -227]
[1817, 8, 3] [-23, -79]
[1821, 8, 3] [-3, -607]
[1829, 8, 3] [-31, -59]
[1832, 8, 2] [8, 229]
[1837, 8, 3] [-11, -167]
[1841, 8, 3] [-7, -263]
[1852, 8, 3] [-4, -463]
[1853, 8, 2] [17, 109]
[1857, 8, 3] [-3, -619]
[1864, 4, 2] [8, 233]
[1865, 8, 2] [5, 373]
[1868, 8, 3] [-4, -467]
[1893, 8, 3] [-3, -631]
[1897, 8, 3] [-7, -271]
[1909, 8, 3] [-23, -83]
[1912, 8, 3] [-8, -239]
[1916, 8, 3] [-4, -479]
[1921, 8, 2] [17, 113]
[1928, 4, 2] [8, 241]
[1929, 8, 3] [-3, -643]
[1937, 8, 2] [13, 149]
[1941, 8, 3] [-3, -647]
[1945, 4, 2] [5, 389]
[1948, 8, 3] [-4, -487]
[1957, 8, 3] [-19, -103]
[1961, 4, 2] [37, 53]
[1964, 8, 3] [-4, -491]
[1969, 8, 3] [-11, -179]
[1977, 8, 3] [-3, -659]
[1981, 8, 3] [-7, -283]
[1985, 8, 2] [5, 397]
[1996, 8, 3] [-4, -499]
[2005, 4, 2] [5, 401]
[2008, 8, 3] [-8, -251]
[2012, 8, 3] [-4, -503]
[2021, 8, 3] [-43, -47]
[2033, 8, 3] [-19, -107]
[2041, 4, 2] [13, 157]
[2045, 4, 2] [5, 409]
[2049, 8, 3] [-3, -683]
[2056, 4, 2] [8, 257]
[2073, 8, 3] [-3, -691]
[2077, 8, 3] [-31, -67]
[2092, 8, 3] [-4, -523]
[2101, 8, 3] [-11, -191]
[2104, 8, 3] [-8, -263]
[2105, 4, 2] [5, 421]
[2117, 8, 2] [29, 73]
[2149, 8, 3] [-7, -307]
[2152, 8, 2] [8, 269]
[2157, 8, 3] [-3, -719]
[2165, 8, 2] [5, 433]
[2168, 8, 3] [-8, -271]
[2173, 8, 2] [41, 53]
[2177, 8, 3] [-7, -311]
[2181, 8, 3] [-3, -727]
[2188, 8, 3] [-4, -547]
[2189, 8, 3] [-11, -199]
[2201, 8, 3] [-31, -71]
[2216, 8, 2] [8, 277]
[2217, 8, 3] [-3, -739]
[2229, 8, 3] [-3, -743]
[2245, 4, 2] [5, 449]
[2248, 4, 2] [8, 281]
[2249, 4, 2] [13, 173]
[2252, 8, 3] [-4, -563]
[2253, 8, 3] [-3, -751]
[2257, 8, 2] [37, 61]
[2264, 8, 3] [-8, -283]
[2284, 8, 3] [-4, -571]
[2285, 8, 2] [5, 457]
[2305, 4, 2] [5, 461]
[2317, 8, 3] [-7, -331]
[2321, 8, 3] [-11, -211]
[2329, 4, 2] [17, 137]
[2344, 8, 2] [8, 293]
[2348, 8, 3] [-4, -587]
[2353, 4, 2] [13, 181]
[2361, 8, 3] [-3, -787]
[2369, 8, 3] [-23, -103]
[2396, 8, 3] [-4, -599]
[2413, 8, 3] [-19, -127]
[2428, 8, 3] [-4, -607]
[2429, 8, 3] [-7, -347]
[2433, 8, 3] [-3, -811]
[2449, 8, 3] [-31, -79]
[2453, 8, 3] [-11, -223]
[2456, 8, 3] [-8, -307]
[2461, 8, 3] [-23, -107]
[2469, 8, 3] [-3, -823]
[2476, 8, 3] [-4, -619]
[2481, 8, 3] [-3, -827]
[2488, 8, 3] [-8, -311]
[2489, 8, 3] [-19, -131]
[2497, 8, 3] [-11, -227]
[2501, 4, 2] [41, 61]
[2504, 4, 2] [8, 313]
[2509, 8, 2] [13, 193]
[2513, 8, 3] [-7, -359]
[2517, 8, 3] [-3, -839]
[2524, 8, 3] [-4, -631]
[2533, 4, 2] [17, 149]
[2536, 8, 2] [8, 317]
[2537, 8, 3] [-43, -59]
[2545, 4, 2] [5, 509]
[2561, 8, 2] [13, 197]
[2569, 8, 3] [-7, -367]
[2572, 8, 3] [-4, -643]
[2573, 8, 3] [-31, -83]
[2577, 8, 3] [-3, -859]
[2581, 8, 2] [29, 89]
[2588, 8, 3] [-4, -647]
[2589, 8, 3] [-3, -863]
[2605, 4, 2] [5, 521]
[2629, 8, 3] [-11, -239]
[2636, 8, 3] [-4, -659]
[2641, 8, 3] [-19, -139]
[2648, 8, 3] [-8, -331]
[2649, 8, 3] [-3, -883]
[2653, 8, 3] [-7, -379]
[2661, 8, 3] [-3, -887]
[2669, 4, 2] [17, 157]
[2681, 8, 3] [-7, -383]
[2696, 4, 2] [8, 337]
[2701, 4, 2] [37, 73]
[2705, 4, 2] [5, 541]
[2721, 8, 3] [-3, -907]
[2732, 8, 3] [-4, -683]
[2733, 8, 3] [-3, -911]
[2757, 8, 3] [-3, -919]
[2761, 8, 3] [-11, -251]
[2764, 8, 3] [-4, -691]
[2773, 8, 3] [-47, -59]
[2776, 8, 3] [-8, -347]
[2785, 8, 2] [5, 557]
[2792, 8, 2] [8, 349]
[2813, 8, 2] [29, 97]
[2824, 4, 2] [8, 353]
[2841, 8, 3] [-3, -947]
[2845, 4, 2] [5, 569]
[2869, 8, 3] [-19, -151]
[2872, 8, 3] [-8, -359]
[2876, 8, 3] [-4, -719]
[2881, 8, 3] [-43, -67]
[2885, 8, 2] [5, 577]
[2893, 8, 3] [-11, -263]
[2901, 8, 3] [-3, -967]
[2908, 8, 3] [-4, -727]
[2913, 8, 3] [-3, -971]
[2921, 8, 3] [-23, -127]
[2929, 8, 2] [29, 101]
[2933, 8, 3] [-7, -419]
[2936, 8, 3] [-8, -367]
[2941, 8, 2] [17, 173]
[2949, 8, 3] [-3, -983]
[2956, 8, 3] [-4, -739]
[2965, 8, 2] [5, 593]
[2972, 8, 3] [-4, -743]
[2973, 8, 3] [-3, -991]
[2977, 8, 2] [13, 229]
[2981, 8, 3] [-11, -271]
[2984, 8, 2] [8, 373]
[2993, 4, 2] [41, 73]
[3004, 8, 3] [-4, -751]
[3005, 4, 2] [5, 601]
[3013, 8, 3] [-23, -131]
[3017, 8, 3] [-7, -431]
[3029, 4, 2] [13, 233]
[3032, 8, 3] [-8, -379]
[3053, 8, 3] [-43, -71]
[3057, 8, 3] [-3, -1019]
[3064, 8, 3] [-8, -383]
[3065, 8, 2] [5, 613]
[3073, 8, 3] [-7, -439]
[3077, 8, 2] [17, 181]
[3085, 8, 2] [5, 617]
[3093, 8, 3] [-3, -1031]
[3097, 8, 3] [-19, -163]
[3101, 8, 3] [-7, -443]
[3112, 8, 2] [8, 389]
[3113, 8, 3] [-11, -283]
[3117, 8, 3] [-3, -1039]
[3133, 8, 2] [13, 241]
[3148, 8, 3] [-4, -787]
[3149, 8, 3] [-47, -67]
[3153, 8, 3] [-3, -1051]
[3161, 4, 2] [29, 109]
[3173, 8, 3] [-19, -167]
[3176, 8, 2] [8, 397]
[3189, 8, 3] [-3, -1063]
[3193, 8, 3] [-31, -103]
[3197, 8, 3] [-23, -139]
[3205, 4, 2] [5, 641]
[3208, 4, 2] [8, 401]
[3233, 8, 2] [53, 61]
[3241, 8, 3] [-7, -463]
[3244, 8, 3] [-4, -811]
[3261, 8, 3] [-3, -1087]
[3265, 8, 2] [5, 653]
[3269, 8, 3] [-7, -467]
[3272, 4, 2] [8, 409]
[3273, 8, 3] [-3, -1091]
[3277, 8, 2] [29, 113]
[3281, 8, 2] [17, 193]
[3292, 8, 3] [-4, -823]
[3293, 8, 2] [37, 89]
[3305, 4, 2] [5, 661]
[3308, 8, 3] [-4, -827]
[3309, 8, 3] [-3, -1103]
[3317, 8, 3] [-31, -107]
[3337, 8, 3] [-47, -71]
[3341, 4, 2] [13, 257]
[3349, 8, 2] [17, 197]
[3352, 8, 3] [-8, -419]
[3353, 8, 3] [-7, -479]
[3356, 8, 3] [-4, -839]
[3365, 8, 2] [5, 673]
[3368, 8, 2] [8, 421]
[3369, 8, 3] [-3, -1123]
[3377, 8, 3] [-11, -307]
[3385, 8, 2] [5, 677]
[3397, 8, 3] [-43, -79]
[3401, 8, 3] [-19, -179]
[3409, 8, 3] [-7, -487]
[3421, 8, 3] [-11, -311]
[3436, 8, 3] [-4, -859]
[3437, 8, 3] [-7, -491]
[3448, 8, 3] [-8, -431]
[3452, 8, 3] [-4, -863]
[3453, 8, 3] [-3, -1151]
[3464, 4, 2] [8, 433]
[3473, 8, 3] [-23, -151]
[3489, 8, 3] [-3, -1163]
[3493, 8, 3] [-7, -499]
[3497, 4, 2] [13, 269]
[3505, 4, 2] [5, 701]
[3512, 8, 3] [-8, -439]
[3513, 8, 3] [-3, -1171]
[3521, 8, 3] [-7, -503]
[3532, 8, 3] [-4, -883]
[3544, 8, 3] [-8, -443]
[3545, 4, 2] [5, 709]
[3548, 8, 3] [-4, -887]
[3561, 8, 3] [-3, -1187]
[3569, 8, 3] [-43, -83]
[3589, 8, 2] [37, 97]
[3592, 4, 2] [8, 449]
[3601, 4, 2] [13, 277]
[3628, 8, 3] [-4, -907]
[3629, 8, 3] [-19, -191]
[3641, 8, 3] [-11, -331]
[3644, 8, 3] [-4, -911]
[3649, 8, 2] [41, 89]
[3653, 8, 2] [13, 281]
[3656, 4, 2] [8, 457]
[3661, 8, 3] [-7, -523]
[3665, 8, 2] [5, 733]
[3669, 8, 3] [-3, -1223]
[3676, 8, 3] [-4, -919]
[3688, 8, 2] [8, 461]
[3693, 8, 3] [-3, -1231]
[3704, 8, 3] [-8, -463]
[3713, 8, 3] [-47, -79]
[3736, 8, 3] [-8, -467]
[3737, 4, 2] [37, 101]
[3749, 8, 3] [-23, -163]
[3777, 8, 3] [-3, -1259]
[3781, 8, 3] [-19, -199]
[3785, 8, 2] [5, 757]
[3788, 8, 3] [-4, -947]
[3805, 4, 2] [5, 761]
[3809, 8, 2] [13, 293]
[3817, 8, 3] [-11, -347]
[3829, 8, 3] [-7, -547]
[3832, 8, 3] [-8, -479]
[3837, 8, 3] [-3, -1279]
[3841, 8, 3] [-23, -167]
[3845, 4, 2] [5, 769]
[3849, 8, 3] [-3, -1283]
[3865, 8, 2] [5, 773]
[3868, 8, 3] [-4, -967]
[3869, 8, 2] [53, 73]
[3873, 8, 3] [-3, -1291]
[3884, 8, 3] [-4, -971]
[3893, 4, 2] [17, 229]
[3896, 8, 3] [-8, -487]
[3901, 8, 3] [-47, -83]
[3909, 8, 3] [-3, -1303]
[3921, 8, 3] [-3, -1307]
[3928, 8, 3] [-8, -491]
[3932, 8, 3] [-4, -983]
[3937, 8, 3] [-31, -127]
[3941, 8, 3] [-7, -563]
[3949, 8, 3] [-11, -359]
[3953, 8, 3] [-59, -67]
[3957, 8, 3] [-3, -1319]
[3961, 8, 2] [17, 233]
[3964, 8, 3] [-4, -991]
[3973, 8, 2] [29, 137]
[3977, 8, 2] [41, 97]
[3981, 8, 3] [-3, -1327]
[3985, 8, 2] [5, 797]
[3992, 8, 3] [-8, -499]
