[60, 16, 13] [-4, -3, 5]
[105, 16, 11] [-3, 5, -7]
[120, 16, 11] [-8, -3, 5]
[140, 16, 13] [-4, 5, -7]
[156, 16, 11] [-4, -3, 13]
[165, 16, 13] [-3, 5, -11]
[168, 16, 13] [8, -3, -7]
[204, 16, 13] [-4, -3, 17]
[220, 16, 11] [-4, 5, -11]
[264, 16, 11] [8, -3, -11]
[273, 16, 13] [-3, -7, 13]
[280, 16, 11] [-8, 5, -7]
[285, 16, 13] [-3, 5, -19]
[312, 16, 13] [-8, -3, 13]
[345, 16, 11] [-3, 5, -23]
[348, 16, 13] [-4, -3, 29]
[357, 16, 11] [-3, -7, 17]
[364, 16, 13] [-4, -7, 13]
[380, 16, 11] [-4, 5, -19]
[385, 16, 13] [5, -7, -11]
[408, 16, 13] [-8, -3, 17]
[429, 16, 13] [-3, -11, 13]
[440, 16, 13] [-8, 5, -11]
[444, 16, 11] [-4, -3, 37]
[456, 16, 11] [8, -3, -19]
[460, 16, 13] [-4, 5, -23]
[465, 16, 13] [-3, 5, -31]
[476, 16, 13] [-4, -7, 17]
[492, 16, 13] [-4, -3, 41]
[520, 8, 5] [8, 5, 13]
[552, 16, 13] [8, -3, -23]
[561, 16, 11] [-3, -11, 17]
[572, 16, 13] [-4, -11, 13]
[609, 16, 13] [-3, -7, 29]
[616, 16, 13] [8, -7, -11]
[620, 16, 11] [-4, 5, -31]
[636, 16, 13] [-4, -3, 53]
[645, 16, 11] [-3, 5, -43]
[665, 16, 13] [5, -7, -19]
[680, 16, 10] [8, 5, 17]
[696, 16, 11] [-8, -3, 29]
[705, 16, 11] [-3, 5, -47]
[728, 16, 11] [-8, -7, 13]
[732, 16, 11] [-4, -3, 61]
[741, 16, 13] [-3, 13, -19]
[744, 16, 13] [8, -3, -31]
[748, 16, 13] [-4, -11, 17]
[760, 16, 13] [-8, 5, -19]
[777, 16, 11] [-3, -7, 37]
[805, 16, 11] [5, -7, -23]
[812, 16, 11] [-4, -7, 29]
[860, 16, 13] [-4, 5, -43]
[861, 16, 11] [-3, -7, 41]
[876, 16, 11] [-4, -3, 73]
[885, 16, 13] [-3, 5, -59]
[888, 16, 13] [-8, -3, 37]
[897, 16, 11] [-3, 13, -23]
[920, 16, 11] [-8, 5, -23]
[940, 16, 13] [-4, 5, -47]
[952, 16, 13] [-8, -7, 17]
[957, 16, 11] [-3, -11, 29]
[969, 16, 13] [-3, 17, -19]
[984, 16, 13] [-8, -3, 41]
[988, 16, 13] [-4, 13, -19]
[1001, 16, 11] [-7, -11, 13]
[1005, 16, 11] [-3, 5, -67]
[1032, 16, 11] [8, -3, -43]
[1036, 16, 11] [-4, -7, 37]
[1045, 16, 11] [5, -11, -19]
[1064, 16, 13] [8, -7, -19]
[1065, 16, 13] [-3, 5, -71]
[1068, 16, 13] [-4, -3, 89]
[1085, 16, 13] [5, -7, -31]
[1105, 16, 10] [5, 13, 17]
[1113, 16, 13] [-3, -7, 53]
[1128, 16, 13] [8, -3, -47]
[1144, 16, 11] [-8, -11, 13]
[1148, 16, 13] [-4, -7, 41]
[1160, 16, 10] [8, 5, 29]
[1164, 16, 11] [-4, -3, 97]
[1173, 16, 11] [-3, 17, -23]
[1180, 16, 11] [-4, 5, -59]
[1185, 16, 13] [-3, 5, -79]
[1196, 16, 11] [-4, 13, -23]
[1209, 16, 13] [-3, 13, -31]
[1212, 16, 13] [-4, -3, 101]
[1221, 16, 11] [-3, -11, 37]
[1240, 16, 13] [-8, 5, -31]
[1245, 16, 11] [-3, 5, -83]
[1265, 16, 13] [5, -11, -23]
[1272, 16, 11] [-8, -3, 53]
[1276, 16, 13] [-4, -11, 29]
[1281, 16, 13] [-3, -7, 61]
[1288, 16, 11] [8, -7, -23]
[1292, 16, 11] [-4, 17, -19]
[1308, 16, 11] [-4, -3, 109]
[1309, 16, 11] [-7, -11, 17]
[1340, 16, 13] [-4, 5, -67]
[1353, 16, 11] [-3, -11, 41]
[1356, 16, 13] [-4, -3, 113]
[1416, 16, 11] [8, -3, -59]
[1420, 16, 11] [-4, 5, -71]
[1464, 16, 13] [-8, -3, 61]
[1480, 8, 5] [8, 5, 37]
[1484, 16, 11] [-4, -7, 53]
[1496, 16, 13] [-8, -11, 17]
[1505, 16, 11] [5, -7, -43]
[1533, 16, 13] [-3, -7, 73]
[1545, 16, 11] [-3, 5, -103]
[1564, 16, 13] [-4, 17, -23]
[1580, 16, 11] [-4, 5, -79]
[1581, 16, 11] [-3, 17, -31]
[1605, 16, 11] [-3, 5, -107]
[1608, 16, 11] [8, -3, -67]
[1612, 16, 13] [-4, 13, -31]
[1624, 16, 13] [-8, -7, 29]
[1628, 16, 11] [-4, -11, 37]
[1640, 16, 10] [8, 5, 41]
[1644, 16, 13] [-4, -3, 137]
[1645, 16, 11] [5, -7, -47]
[1653, 16, 11] [-3, -19, 29]
[1660, 16, 13] [-4, 5, -83]
[1672, 16, 11] [8, -11, -19]
[1677, 16, 11] [-3, 13, -43]
[1704, 16, 13] [8, -3, -71]
[1705, 16, 11] [5, -11, -31]
[1708, 16, 13] [-4, -7, 61]
[1720, 16, 11] [-8, 5, -43]
[1729, 16, 11] [-7, 13, -19]
[1736, 16, 11] [8, -7, -31]
[1749, 16, 13] [-3, -11, 53]
[1752, 16, 11] [-8, -3, 73]
[1768, 16, 10] [8, 13, 17]
[1788, 16, 13] [-4, -3, 149]
[1804, 16, 13] [-4, -11, 41]
[1833, 16, 13] [-3, 13, -47]
[1869, 16, 11] [-3, -7, 89]
[1880, 16, 11] [-8, 5, -47]
[1884, 16, 11] [-4, -3, 157]
[1885, 16, 10] [5, 13, 29]
[1896, 16, 13] [8, -3, -79]
[1905, 16, 11] [-3, 5, -127]
[1965, 16, 13] [-3, 5, -131]
[1976, 16, 11] [-8, 13, -19]
[1992, 16, 11] [8, -3, -83]
[2001, 16, 13] [-3, -23, 29]
[2013, 16, 13] [-3, -11, 61]
[2024, 16, 13] [8, -11, -23]
[2037, 16, 13] [-3, -7, 97]
[2044, 16, 13] [-4, -7, 73]
[2060, 16, 13] [-4, 5, -103]
[2065, 16, 13] [5, -7, -59]
[2072, 16, 13] [-8, -7, 37]
[2076, 16, 13] [-4, -3, 173]
[2085, 16, 13] [-3, 5, -139]
[2093, 16, 13] [-7, 13, -23]
[2108, 16, 13] [-4, 17, -31]
[2109, 16, 13] [-3, -19, 37]
[2120, 8, 5] [8, 5, 53]
[2121, 16, 11] [-3, -7, 101]
[2136, 16, 13] [-8, -3, 89]
[2140, 16, 13] [-4, 5, -107]
[2172, 16, 11] [-4, -3, 181]
[2185, 16, 13] [5, -19, -23]
[2193, 16, 13] [-3, 17, -43]
[2204, 16, 13] [-4, -19, 29]
[2233, 16, 13] [-7, -11, 29]
[2236, 16, 11] [-4, 13, -43]
[2261, 16, 13] [-7, 17, -19]
[2265, 16, 13] [-3, 5, -151]
[2289, 16, 11] [-3, -7, 109]
[2296, 16, 13] [-8, -7, 41]
[2301, 16, 13] [-3, 13, -59]
[2316, 16, 11] [-4, -3, 193]
[2328, 16, 11] [-8, -3, 97]
[2332, 16, 11] [-4, -11, 53]
[2337, 16, 11] [-3, -19, 41]
[2345, 16, 11] [5, -7, -67]
[2360, 16, 13] [-8, 5, -59]
[2364, 16, 13] [-4, -3, 197]
[2365, 16, 13] [5, -11, -43]
[2373, 16, 13] [-3, -7, 113]
[2392, 16, 13] [-8, 13, -23]
[2397, 16, 13] [-3, 17, -47]
[2405, 8, 5] [5, 13, 37]
[2408, 16, 13] [8, -7, -43]
[2409, 16, 13] [-3, -11, 73]
[2424, 16, 11] [-8, -3, 101]
[2440, 16, 10] [8, 5, 61]
[2444, 16, 13] [-4, 13, -47]
[2445, 16, 11] [-3, 5, -163]
[2465, 16, 10] [5, 17, 29]
[2472, 16, 13] [8, -3, -103]
[2485, 16, 13] [5, -7, -71]
[2492, 16, 13] [-4, -7, 89]
[2505, 16, 11] [-3, 5, -167]
[2540, 16, 13] [-4, 5, -127]
[2552, 16, 11] [-8, -11, 29]
[2553, 16, 13] [-3, -23, 37]
[2568, 16, 11] [8, -3, -107]
[2584, 16, 11] [-8, 17, -19]
[2585, 16, 13] [5, -11, -47]
[2613, 16, 13] [-3, 13, -67]
[2616, 16, 13] [-8, -3, 109]
[2620, 16, 11] [-4, 5, -131]
[2632, 16, 11] [8, -7, -47]
[2665, 16, 10] [5, 13, 41]
[2668, 16, 11] [-4, -23, 29]
[2680, 16, 11] [-8, 5, -67]
[2684, 16, 13] [-4, -11, 61]
[2685, 16, 13] [-3, 5, -179]
[2697, 16, 11] [-3, 29, -31]
[2712, 16, 13] [-8, -3, 113]
[2716, 16, 13] [-4, -7, 97]
[2717, 16, 11] [-11, 13, -19]
[2728, 16, 13] [8, -11, -31]
[2737, 16, 11] [-7, 17, -23]
[2748, 16, 11] [-4, -3, 229]
[2765, 16, 13] [5, -7, -79]
[2769, 16, 13] [-3, 13, -71]
[2780, 16, 11] [-4, 5, -139]
[2796, 16, 13] [-4, -3, 233]
[2812, 16, 13] [-4, -19, 37]
[2821, 16, 11] [-7, 13, -31]
[2828, 16, 13] [-4, -7, 101]
[2829, 16, 13] [-3, -23, 41]
[2840, 16, 13] [-8, 5, -71]
[2849, 16, 11] [-7, -11, 37]
[2865, 16, 13] [-3, 5, -191]
[2877, 16, 13] [-3, -7, 137]
[2892, 16, 11] [-4, -3, 241]
[2905, 16, 11] [5, -7, -83]
[2920, 16, 10] [8, 5, 73]
[2924, 16, 11] [-4, 17, -43]
[2937, 16, 13] [-3, -11, 89]
[2945, 16, 11] [5, -19, -31]
[2968, 16, 13] [-8, -7, 53]
[2985, 16, 13] [-3, 5, -199]
[3009, 16, 13] [-3, 17, -59]
[3016, 16, 10] [8, 13, 29]
[3020, 16, 11] [-4, 5, -151]
[3021, 16, 11] [-3, -19, 53]
[3048, 16, 13] [8, -3, -127]
[3052, 16, 11] [-4, -7, 109]
[3068, 16, 13] [-4, 13, -59]
[3081, 16, 11] [-3, 13, -79]
[3084, 16, 13] [-4, -3, 257]
[3116, 16, 13] [-4, -19, 41]
[3128, 16, 13] [-8, 17, -23]
[3129, 16, 13] [-3, -7, 149]
[3144, 16, 11] [8, -3, -131]
[3145, 8, 5] [5, 17, 37]
[3157, 16, 11] [-7, -11, 41]
[3160, 16, 13] [-8, 5, -79]
[3164, 16, 11] [-4, -7, 113]
[3165, 16, 13] [-3, 5, -211]
[3196, 16, 11] [-4, 17, -47]
[3201, 16, 11] [-3, -11, 97]
[3212, 16, 13] [-4, -11, 73]
[3224, 16, 11] [-8, 13, -31]
[3228, 16, 13] [-4, -3, 269]
[3237, 16, 13] [-3, 13, -83]
[3245, 16, 11] [5, -11, -59]
[3256, 16, 13] [-8, -11, 37]
[3260, 16, 13] [-4, 5, -163]
[3288, 16, 13] [-8, -3, 137]
[3289, 16, 13] [-11, 13, -23]
[3297, 16, 13] [-3, -7, 157]
[3304, 16, 13] [8, -7, -59]
[3320, 16, 11] [-8, 5, -83]
[3324, 16, 11] [-4, -3, 277]
[3333, 16, 11] [-3, -11, 101]
[3336, 16, 11] [8, -3, -139]
[3340, 16, 13] [-4, 5, -167]
[3345, 16, 11] [-3, 5, -223]
[3372, 16, 13] [-4, -3, 281]
[3404, 16, 13] [-4, -23, 37]
[3405, 16, 11] [-3, 5, -227]
[3416, 16, 11] [-8, -7, 61]
[3417, 16, 13] [-3, 17, -67]
[3441, 16, 13] [-3, -31, 37]
[3445, 16, 10] [5, 13, 53]
[3477, 16, 11] [-3, -19, 61]
[3484, 16, 13] [-4, 13, -67]
[3485, 16, 10] [5, 17, 41]
[3496, 16, 13] [8, -19, -23]
[3516, 16, 13] [-4, -3, 293]
[3553, 16, 13] [-11, 17, -19]
[3560, 16, 10] [8, 5, 89]
[3565, 16, 13] [5, -23, -31]
[3576, 16, 11] [-8, -3, 149]
[3580, 16, 11] [-4, 5, -179]
[3585, 16, 13] [-3, 5, -239]
[3596, 16, 13] [-4, 29, -31]
[3597, 16, 13] [-3, -11, 109]
[3605, 16, 11] [5, -7, -103]
[3608, 16, 13] [-8, -11, 41]
[3621, 16, 11] [-3, 17, -71]
[3624, 16, 13] [8, -3, -151]
[3633, 16, 11] [-3, -7, 173]
[3657, 16, 11] [-3, -23, 53]
[3685, 16, 13] [5, -11, -67]
[3689, 16, 11] [-7, 17, -31]
[3692, 16, 13] [-4, 13, -71]
[3729, 16, 13] [-3, -11, 113]
[3741, 16, 11] [-3, 29, -43]
[3745, 16, 11] [5, -7, -107]
[3752, 16, 13] [8, -7, -67]
[3756, 16, 11] [-4, -3, 313]
[3765, 16, 13] [-3, 5, -251]
[3768, 16, 13] [-8, -3, 157]
[3772, 16, 11] [-4, -23, 41]
[3784, 16, 11] [8, -11, -43]
[3801, 16, 13] [-3, -7, 181]
[3804, 16, 13] [-4, -3, 317]
[3813, 16, 13] [-3, -31, 41]
[3820, 16, 11] [-4, 5, -191]
[3836, 16, 11] [-4, -7, 137]
[3848, 8, 5] [8, 13, 37]
[3857, 16, 13] [-7, -19, 29]
[3880, 16, 10] [8, 5, 97]
[3905, 16, 11] [5, -11, -71]
[3912, 16, 11] [8, -3, -163]
[3913, 16, 13] [-7, 13, -43]
[3916, 16, 11] [-4, -11, 89]
[3944, 16, 10] [8, 17, 29]
[3945, 16, 11] [-3, 5, -263]
[3965, 16, 10] [5, 13, 61]
[3976, 16, 11] [8, -7, -71]
[3980, 16, 11] [-4, 5, -199]
[4008, 16, 13] [8, -3, -167]
[4012, 16, 11] [-4, 17, -59]
[4017, 16, 11] [-3, 13, -103]
[4028, 16, 13] [-4, -19, 53]
[4029, 16, 11] [-3, 17, -79]
[4040, 16, 10] [8, 5, 101]
[4044, 16, 11] [-4, -3, 337]
[4053, 16, 11] [-3, -7, 193]
[4065, 16, 13] [-3, 5, -271]
[4081, 16, 11] [-7, -11, 53]
[4085, 16, 13] [5, -19, -43]
[4088, 16, 13] [-8, -7, 73]
[4089, 16, 11] [-3, 29, -47]
[4108, 16, 11] [-4, 13, -79]
[4120, 16, 11] [-8, 5, -103]
[4136, 16, 13] [8, -11, -47]
[4137, 16, 13] [-3, -7, 197]
[4152, 16, 11] [-8, -3, 173]
[4161, 16, 11] [-3, -19, 73]
[4172, 16, 11] [-4, -7, 149]
[4173, 16, 11] [-3, 13, -107]
[4188, 16, 11] [-4, -3, 349]
[4209, 16, 13] [-3, -23, 61]
[4216, 16, 13] [-8, 17, -31]
[4220, 16, 11] [-4, 5, -211]
[4233, 16, 13] [-3, 17, -83]
[4236, 16, 13] [-4, -3, 353]
[4245, 16, 11] [-3, 5, -283]
[4264, 16, 10] [8, 13, 41]
[4268, 16, 11] [-4, -11, 97]
[4277, 16, 11] [-7, 13, -47]
[4280, 16, 11] [-8, 5, -107]
[4296, 16, 11] [8, -3, -179]
[4301, 16, 11] [-11, 17, -23]
[4316, 16, 13] [-4, 13, -83]
[4344, 16, 13] [-8, -3, 181]
[4345, 16, 11] [5, -11, -79]
[4360, 16, 10] [8, 5, 109]
[4396, 16, 13] [-4, -7, 157]
[4408, 16, 11] [-8, -19, 29]
[4424, 16, 11] [8, -7, -79]
[4433, 16, 11] [-11, 13, -31]
[4444, 16, 13] [-4, -11, 101]
[4445, 16, 11] [5, -7, -127]
[4460, 16, 13] [-4, 5, -223]
[4465, 16, 13] [5, -19, -47]
[4472, 16, 13] [-8, 13, -43]
[4476, 16, 11] [-4, -3, 373]
[4505, 16, 10] [5, 17, 53]
[4520, 16, 10] [8, 5, 113]
[4521, 16, 13] [-3, -11, 137]
[4540, 16, 13] [-4, 5, -227]
[4556, 16, 11] [-4, 17, -67]
[4565, 16, 13] [5, -11, -83]
[4584, 16, 13] [8, -3, -191]
[4585, 16, 13] [5, -7, -131]
[4588, 16, 13] [-4, -31, 37]
[4605, 16, 11] [-3, 5, -307]
[4632, 16, 11] [-8, -3, 193]
[4636, 16, 11] [-4, -19, 61]
[4648, 16, 13] [8, -7, -83]
[4664, 16, 13] [-8, -11, 53]
[4665, 16, 13] [-3, 5, -311]
[4668, 16, 13] [-4, -3, 389]
[4669, 16, 11] [-7, -23, 29]
[4697, 16, 11] [-7, -11, 61]
[4712, 16, 13] [8, -19, -31]
[4728, 16, 11] [-8, -3, 197]
[4745, 8, 5] [5, 13, 73]
[4764, 16, 11] [-4, -3, 397]
[4773, 16, 13] [-3, 37, -43]
[4776, 16, 13] [8, -3, -199]
[4780, 16, 11] [-4, 5, -239]
[4796, 16, 13] [-4, -11, 109]
[4809, 16, 13] [-3, -7, 229]
[4812, 16, 13] [-4, -3, 401]
[4828, 16, 13] [-4, 17, -71]
[4844, 16, 13] [-4, -7, 173]
[4865, 16, 13] [5, -7, -139]
[4876, 16, 13] [-4, -23, 53]
[4888, 16, 11] [-8, 13, -47]
[4893, 16, 13] [-3, -7, 233]
[4908, 16, 11] [-4, -3, 409]
[4917, 16, 11] [-3, -11, 149]
[4921, 16, 13] [-7, -19, 37]
[4929, 16, 11] [-3, -31, 53]
[4945, 16, 11] [5, -23, -43]
[4953, 16, 11] [-3, 13, -127]
[4965, 16, 13] [-3, 5, -331]
[4972, 16, 11] [-4, -11, 113]
[4984, 16, 13] [-8, -7, 89]
[4988, 16, 13] [-4, 29, -43]
[5020, 16, 11] [-4, 5, -251]
[5032, 16, 10] [8, 17, 37]
[5037, 16, 11] [-3, -23, 73]
[5052, 16, 11] [-4, -3, 421]
[5061, 16, 13] [-3, -7, 241]
[5064, 16, 11] [8, -3, -211]
[5068, 16, 13] [-4, -7, 181]
[5073, 16, 11] [-3, -19, 89]
[5080, 16, 11] [-8, 5, -127]
[5084, 16, 11] [-4, -31, 41]
[5109, 16, 11] [-3, 13, -131]
[5117, 16, 13] [-7, 17, -43]
[5133, 16, 13] [-3, 29, -59]
[5181, 16, 11] [-3, -11, 157]
[5185, 16, 10] [5, 17, 61]
[5192, 16, 11] [8, -11, -59]
[5196, 16, 11] [-4, -3, 433]
[5205, 16, 11] [-3, 5, -347]
[5217, 16, 11] [-3, 37, -47]
[5240, 16, 13] [-8, 5, -131]
[5253, 16, 13] [-3, 17, -103]
[5260, 16, 13] [-4, 5, -263]
[5285, 16, 13] [5, -7, -151]
[5289, 16, 13] [-3, 41, -43]
[5336, 16, 13] [-8, -23, 29]
[5352, 16, 13] [8, -3, -223]
[5356, 16, 11] [-4, 13, -103]
[5365, 16, 10] [5, 29, 37]
[5368, 16, 11] [-8, -11, 61]
[5369, 16, 11] [-7, 13, -59]
[5372, 16, 13] [-4, 17, -79]
[5385, 16, 13] [-3, 5, -359]
[5388, 16, 13] [-4, -3, 449]
[5397, 16, 11] [-3, -7, 257]
[5404, 16, 11] [-4, -7, 193]
[5405, 16, 11] [5, -23, -47]
[5420, 16, 11] [-4, 5, -271]
[5421, 16, 11] [-3, 13, -139]
[5432, 16, 13] [-8, -7, 97]
[5448, 16, 11] [8, -3, -227]
[5452, 16, 13] [-4, 29, -47]
[5453, 16, 11] [-7, -19, 41]
[5457, 16, 11] [-3, 17, -107]
[5480, 16, 10] [8, 5, 137]
[5484, 16, 11] [-4, -3, 457]
[5496, 16, 13] [-8, -3, 229]
[5505, 16, 11] [-3, 5, -367]
[5512, 16, 10] [8, 13, 53]
[5516, 16, 11] [-4, -7, 197]
[5529, 16, 13] [-3, -19, 97]
[5532, 16, 13] [-4, -3, 461]
[5548, 16, 11] [-4, -19, 73]
[5560, 16, 13] [-8, 5, -139]
[5564, 16, 11] [-4, 13, -107]
[5576, 16, 10] [8, 17, 41]
[5592, 16, 13] [-8, -3, 233]
[5593, 16, 13] [-7, 17, -47]
[5605, 16, 11] [5, -19, -59]
[5612, 16, 13] [-4, -23, 61]
[5621, 16, 11] [-7, -11, 73]
[5624, 16, 11] [-8, -19, 37]
[5644, 16, 11] [-4, 17, -83]
[5649, 16, 11] [-3, -7, 269]
[5656, 16, 11] [-8, -7, 101]
[5660, 16, 13] [-4, 5, -283]
[5665, 16, 13] [5, -11, -103]
[5673, 16, 13] [-3, -31, 61]
[5681, 16, 13] [13, -19, -23]
[5685, 16, 13] [-3, 5, -379]
[5704, 16, 11] [8, -23, -31]
[5705, 16, 11] [5, -7, -163]
[5709, 16, 11] [-3, -11, 173]
[5736, 16, 13] [8, -3, -239]
[5745, 16, 11] [-3, 5, -383]
[5757, 16, 13] [-3, -19, 101]
[5768, 16, 11] [8, -7, -103]
[5781, 16, 11] [-3, 41, -47]
[5784, 16, 11] [-8, -3, 241]
[5785, 16, 10] [5, 13, 89]
[5797, 16, 11] [-11, 17, -31]
[5817, 16, 11] [-3, -7, 277]
[5829, 16, 13] [-3, 29, -67]
[5845, 16, 11] [5, -7, -167]
[5848, 16, 11] [-8, 17, -43]
[5885, 16, 13] [5, -11, -107]
[5889, 16, 13] [-3, 13, -151]
[5896, 16, 11] [8, -11, -67]
[5901, 16, 13] [-3, -7, 281]
[5945, 16, 10] [5, 29, 41]
[5957, 16, 13] [-7, -23, 37]
[5960, 16, 10] [8, 5, 149]
[5973, 16, 11] [-3, -11, 181]
[5992, 16, 13] [8, -7, -107]
[6024, 16, 11] [8, -3, -251]
[6028, 16, 11] [-4, -11, 137]
[6040, 16, 13] [-8, 5, -151]
[6061, 16, 11] [-11, -19, 29]
[6097, 16, 11] [-7, 13, -67]
[6104, 16, 13] [-8, -7, 109]
[6108, 16, 13] [-4, -3, 509]
[6136, 16, 11] [-8, 13, -59]
[6140, 16, 13] [-4, 5, -307]
[6141, 16, 11] [-3, -23, 89]
[6149, 16, 13] [-11, 13, -43]
[6153, 16, 11] [-3, -7, 293]
[6168, 16, 13] [-8, -3, 257]
[6177, 16, 13] [-3, 29, -71]
[6205, 8, 5] [5, 17, 73]
[6213, 16, 13] [-3, -19, 109]
[6220, 16, 11] [-4, 5, -311]
[6232, 16, 13] [-8, -19, 41]
[6248, 16, 13] [8, -11, -71]
[6252, 16, 13] [-4, -3, 521]
[6265, 16, 13] [5, -7, -179]
[6280, 8, 5] [8, 5, 157]
[6285, 16, 13] [-3, 5, -419]
[6293, 16, 13] [-7, 29, -31]
[6305, 8, 5] [5, 13, 97]
[6312, 16, 13] [8, -3, -263]
[6328, 16, 11] [-8, -7, 113]
[6344, 16, 10] [8, 13, 61]
[6357, 16, 13] [-3, 13, -163]
[6364, 16, 13] [-4, 37, -43]
[6365, 16, 13] [5, -19, -67]
[6369, 16, 13] [-3, -11, 193]
[6392, 16, 11] [-8, 17, -47]
[6409, 16, 10] [13, 17, 29]
[6412, 16, 13] [-4, -7, 229]
[6424, 16, 13] [-8, -11, 73]
[6441, 16, 11] [-3, -19, 113]
[6456, 16, 11] [-8, -3, 269]
[6461, 16, 11] [-7, 13, -71]
[6465, 16, 13] [-3, 5, -431]
[6477, 16, 13] [-3, 17, -127]
[6492, 16, 11] [-4, -3, 541]
[6501, 16, 11] [-3, -11, 197]
[6504, 16, 13] [8, -3, -271]
[6513, 16, 13] [-3, 13, -167]
[6520, 16, 11] [-8, 5, -163]
[6524, 16, 11] [-4, -7, 233]
[6536, 16, 11] [8, -19, -43]
[6549, 16, 13] [-3, 37, -59]
[6556, 16, 13] [-4, -11, 149]
[6565, 16, 10] [5, 13, 101]
[6572, 16, 13] [-4, -31, 53]
[6573, 16, 13] [-3, -7, 313]
[6585, 16, 13] [-3, 5, -439]
[6601, 16, 13] [-7, -23, 41]
[6604, 16, 11] [-4, 13, -127]
[6620, 16, 11] [-4, 5, -331]
[6645, 16, 11] [-3, 5, -443]
[6648, 16, 13] [-8, -3, 277]
[6657, 16, 13] [-3, -7, 317]
[6665, 16, 13] [5, -31, -43]
[6680, 16, 11] [-8, 5, -167]
[6681, 16, 11] [-3, 17, -131]
[6684, 16, 13] [-4, -3, 557]
[6685, 16, 13] [5, -7, -191]
[6693, 16, 13] [-3, -23, 97]
[6716, 16, 11] [-4, -23, 73]
[6721, 16, 11] [-11, 13, -47]
[6744, 16, 13] [-8, -3, 281]
[6745, 16, 11] [5, -19, -71]
[6748, 16, 13] [-4, -7, 241]
[6764, 16, 13] [-4, -19, 89]
[6785, 16, 13] [5, -23, -59]
[6789, 16, 13] [-3, -31, 73]
[6792, 16, 11] [8, -3, -283]
[6808, 16, 11] [-8, -23, 37]
[6812, 16, 11] [-4, 13, -131]
[6828, 16, 13] [-4, -3, 569]
[6837, 16, 13] [-3, -43, 53]
[6844, 16, 11] [-4, 29, -59]
[6853, 16, 13] [-7, -11, 89]
[6873, 16, 11] [-3, 29, -79]
[6908, 16, 11] [-4, -11, 157]
[6920, 8, 5] [8, 5, 173]
[6924, 16, 11] [-4, -3, 577]
[6940, 16, 13] [-4, 5, -347]
[6945, 16, 11] [-3, 5, -463]
[6952, 16, 13] [8, -11, -79]
[6956, 16, 11] [-4, 37, -47]
[6965, 16, 13] [5, -7, -199]
[6968, 16, 11] [-8, 13, -67]
[6969, 16, 13] [-3, -23, 101]
[6981, 16, 11] [-3, 13, -179]
[6985, 16, 13] [5, -11, -127]
[7004, 16, 11] [-4, 17, -103]
[7005, 16, 11] [-3, 5, -467]
[7021, 16, 13] [-7, 17, -59]
[7032, 16, 11] [-8, -3, 293]
[7049, 16, 13] [-7, -19, 53]
[7052, 16, 11] [-4, 41, -43]
[7077, 16, 11] [-3, -7, 337]
[7085, 16, 10] [5, 13, 109]
[7089, 16, 11] [-3, 17, -139]
[7112, 16, 11] [8, -7, -127]
[7116, 16, 13] [-4, -3, 593]
[7144, 16, 13] [8, -19, -47]
[7160, 16, 13] [-8, 5, -179]
[7180, 16, 11] [-4, 5, -359]
[7185, 16, 13] [-3, 5, -479]
[7189, 16, 13] [-7, 13, -79]
[7192, 16, 11] [-8, 29, -31]
[7196, 16, 13] [-4, -7, 257]
[7205, 16, 11] [5, -11, -131]
[7208, 16, 10] [8, 17, 53]
[7212, 16, 11] [-4, -3, 601]
[7221, 16, 13] [-3, 29, -83]
[7228, 16, 11] [-4, 13, -139]
[7240, 16, 10] [8, 5, 181]
[7257, 16, 13] [-3, 41, -59]
[7276, 16, 13] [-4, 17, -107]
[7285, 16, 13] [5, -31, -47]
[7304, 16, 11] [8, -11, -83]
[7305, 16, 11] [-3, 5, -487]
[7329, 16, 13] [-3, -7, 349]
[7336, 16, 13] [8, -7, -131]
[7337, 16, 13] [-11, -23, 29]
[7340, 16, 13] [-4, 5, -367]
[7345, 16, 10] [5, 13, 113]
[7356, 16, 11] [-4, -3, 613]
[7365, 16, 13] [-3, 5, -491]
[7368, 16, 11] [8, -3, -307]
[7372, 16, 13] [-4, -19, 97]
[7384, 16, 11] [-8, 13, -71]
[7385, 16, 13] [5, -7, -211]
[7404, 16, 13] [-4, -3, 617]
[7413, 16, 11] [-3, -7, 353]
[7429, 16, 13] [17, -19, -23]
[7437, 16, 11] [-3, 37, -67]
[7449, 16, 11] [-3, 13, -191]
[7464, 16, 13] [8, -3, -311]
[7469, 16, 13] [-7, -11, 97]
[7473, 16, 13] [-3, -47, 53]
[7485, 16, 13] [-3, 5, -499]
[7505, 16, 11] [5, -19, -79]
[7512, 16, 11] [-8, -3, 313]
[7521, 16, 13] [-3, -23, 109]
[7532, 16, 13] [-4, -7, 269]
[7544, 16, 11] [-8, -23, 41]
[7545, 16, 11] [-3, 5, -503]
[7553, 16, 11] [-7, 13, -83]
[7557, 16, 11] [-3, -11, 229]
[7564, 16, 13] [-4, -31, 61]
[7565, 16, 10] [5, 17, 89]
[7580, 16, 11] [-4, 5, -379]
[7585, 16, 10] [5, 37, 41]
[7592, 16, 10] [8, 13, 73]
[7608, 16, 11] [-8, -3, 317]
[7612, 16, 13] [-4, -11, 173]
[7640, 16, 13] [-8, 5, -191]
[7645, 16, 11] [5, -11, -139]
[7657, 16, 11] [13, -19, -31]
[7660, 16, 13] [-4, 5, -383]
[7672, 16, 11] [-8, -7, 137]
[7676, 16, 11] [-4, -19, 101]
[7685, 16, 10] [5, 29, 53]
[7689, 16, 11] [-3, -11, 233]
[7692, 16, 13] [-4, -3, 641]
[7701, 16, 13] [-3, 17, -151]
[7705, 16, 11] [5, -23, -67]
[7708, 16, 13] [-4, 41, -47]
[7720, 16, 10] [8, 5, 193]
[7733, 16, 13] [-11, -19, 37]
[7756, 16, 11] [-4, -7, 277]
[7761, 16, 11] [-3, 13, -199]
[7772, 16, 11] [-4, 29, -67]
[7777, 16, 11] [-7, -11, 101]
[7784, 16, 13] [8, -7, -139]
[7797, 16, 11] [-3, -23, 113]
[7805, 16, 11] [5, -7, -223]
[7809, 16, 13] [-3, -19, 137]
[7832, 16, 11] [-8, -11, 89]
[7833, 16, 11] [-3, -7, 373]
[7836, 16, 13] [-4, -3, 653]
[7845, 16, 11] [-3, 5, -523]
[7852, 16, 13] [-4, 13, -151]
[7868, 16, 11] [-4, -7, 281]
[7869, 16, 13] [-3, -43, 61]
[7880, 8, 5] [8, 5, 197]
[7881, 16, 11] [-3, 37, -71]
[7885, 16, 13] [5, -19, -83]
[7912, 16, 13] [8, -23, -43]
[7932, 16, 11] [-4, -3, 661]
[7944, 16, 11] [8, -3, -331]
[7945, 16, 11] [5, -7, -227]
[7953, 16, 13] [-3, -11, 241]
[7960, 16, 13] [-8, 5, -199]
[7964, 16, 11] [-4, -11, 181]
[7973, 16, 13] [-7, 17, -67]
[8024, 16, 11] [-8, 17, -59]
[8029, 16, 13] [-7, -31, 37]
[8041, 16, 13] [-11, 17, -43]
[8056, 16, 11] [-8, -19, 53]
[8076, 16, 11] [-4, -3, 673]
[8088, 16, 11] [-8, -3, 337]
[8113, 16, 13] [-7, -19, 61]
[8124, 16, 13] [-4, -3, 677]
[8165, 16, 13] [5, -23, -71]
[8169, 16, 13] [-3, -7, 389]
[8177, 16, 10] [13, 17, 37]
[8188, 16, 13] [-4, -23, 89]
[8204, 16, 13] [-4, -7, 293]
[8205, 16, 11] [-3, 5, -547]
[8216, 16, 13] [-8, 13, -79]
[8229, 16, 11] [-3, 13, -211]
[8236, 16, 11] [-4, 29, -71]
[8241, 16, 11] [-3, 41, -67]
[8245, 8, 5] [5, 17, 97]
[8277, 16, 11] [-3, -31, 89]
[8284, 16, 13] [-4, -19, 109]
[8296, 16, 10] [8, 17, 61]
[8305, 16, 11] [5, -11, -151]
[8313, 16, 11] [-3, 17, -163]
[8328, 16, 11] [8, -3, -347]
[8337, 16, 13] [-3, -7, 397]
[8344, 16, 13] [-8, -7, 149]
[8365, 16, 13] [5, -7, -239]
[8376, 16, 13] [-8, -3, 349]
[8380, 16, 11] [-4, 5, -419]
[8393, 16, 13] [-7, -11, 109]
[8412, 16, 13] [-4, -3, 701]
[8421, 16, 13] [-3, -7, 401]
[8437, 16, 11] [-11, 13, -59]
[8440, 16, 13] [-8, 5, -211]
[8445, 16, 11] [-3, 5, -563]
[8449, 16, 11] [-7, 17, -71]
[8456, 16, 11] [8, -7, -151]
[8472, 16, 13] [-8, -3, 353]
[8476, 16, 13] [-4, 13, -163]
[8481, 16, 13] [-3, -11, 257]
[8492, 16, 13] [-4, -11, 193]
[8493, 16, 13] [-3, -19, 149]
[8508, 16, 11] [-4, -3, 709]
[8517, 16, 11] [-3, 17, -167]
[8533, 16, 13] [-7, -23, 53]
[8536, 16, 11] [-8, -11, 97]
[8565, 16, 13] [-3, 5, -571]
[8569, 16, 11] [-11, -19, 41]
[8584, 8, 5] [8, 29, 37]
[8585, 16, 10] [5, 17, 101]
[8588, 16, 13] [-4, -19, 113]
[8589, 16, 13] [-3, -7, 409]
[8601, 16, 11] [-3, -47, 61]
[8616, 16, 13] [8, -3, -359]
[8620, 16, 11] [-4, 5, -431]
[8632, 16, 11] [-8, 13, -83]
[8636, 16, 11] [-4, 17, -127]
[8648, 16, 11] [8, -23, -47]
[8668, 16, 13] [-4, -11, 197]
[8684, 16, 13] [-4, 13, -167]
[8697, 16, 13] [-3, 13, -223]
[8701, 16, 11] [-7, -11, 113]
[8729, 16, 13] [-7, 29, -43]
[8732, 16, 13] [-4, 37, -59]
[8733, 16, 11] [-3, 41, -71]
[8764, 16, 13] [-4, -7, 313]
[8769, 16, 13] [-3, 37, -79]
[8780, 16, 11] [-4, 5, -439]
[8785, 16, 13] [5, -7, -251]
[8789, 16, 13] [-11, 17, -47]
[8792, 16, 11] [-8, -7, 157]
[8796, 16, 11] [-4, -3, 733]
[8805, 16, 11] [-3, 5, -587]
[8808, 16, 13] [8, -3, -367]
[8841, 16, 11] [-3, -7, 421]
[8845, 16, 10] [5, 29, 61]
[8853, 16, 13] [-3, 13, -227]
[8860, 16, 13] [-4, 5, -443]
[8876, 16, 11] [-4, -7, 317]
[8877, 16, 13] [-3, -11, 269]
[8888, 16, 11] [-8, -11, 101]
[8897, 16, 13] [-7, -31, 41]
[8905, 8, 5] [5, 13, 137]
[8908, 16, 13] [-4, 17, -131]
[8920, 16, 11] [-8, 5, -223]
[8924, 16, 13] [-4, -23, 97]
[8949, 16, 11] [-3, -19, 157]
[8952, 16, 13] [-8, -3, 373]
[8961, 16, 13] [-3, 29, -103]
[8965, 16, 13] [5, -11, -163]
[8968, 16, 11] [8, -19, -59]
[8985, 16, 13] [-3, 5, -599]
[9021, 16, 11] [-3, -31, 97]
[9052, 16, 13] [-4, -31, 73]
[9061, 16, 10] [13, 17, 41]
[9064, 16, 13] [8, -11, -103]
[9080, 16, 11] [-8, 5, -227]
[9084, 16, 11] [-4, -3, 757]
[9085, 16, 13] [5, -23, -79]
[9093, 16, 13] [-3, -7, 433]
[9096, 16, 11] [8, -3, -379]
[9105, 16, 11] [-3, 5, -607]
[9112, 16, 11] [-8, 17, -67]
[9116, 16, 11] [-4, -43, 53]
[9128, 16, 13] [8, -7, -163]
[9129, 16, 13] [-3, 17, -179]
[9132, 16, 13] [-4, -3, 761]
[9141, 16, 13] [-3, -11, 277]
[9145, 16, 11] [5, -31, -59]
[9160, 16, 10] [8, 5, 229]
[9164, 16, 13] [-4, 29, -79]
[9176, 16, 11] [-8, -31, 37]
[9185, 16, 13] [5, -11, -167]
[9192, 16, 13] [8, -3, -383]
[9205, 16, 11] [5, -7, -263]
[9213, 16, 11] [-3, 37, -83]
[9228, 16, 11] [-4, -3, 769]
[9256, 16, 10] [8, 13, 89]
[9260, 16, 13] [-4, 5, -463]
[9265, 16, 10] [5, 17, 109]
[9269, 16, 13] [13, -23, -31]
[9272, 16, 13] [-8, -19, 61]
[9273, 16, 11] [-3, -11, 281]
[9276, 16, 13] [-4, -3, 773]
[9285, 16, 13] [-3, 5, -619]
[9292, 16, 11] [-4, -23, 101]
[9308, 16, 11] [-4, 13, -179]
[9309, 16, 13] [-3, 29, -107]
[9320, 16, 10] [8, 5, 233]
[9321, 16, 13] [-3, 13, -239]
[9336, 16, 11] [-8, -3, 389]
[9340, 16, 13] [-4, 5, -467]
[9352, 16, 11] [8, -7, -167]
[9361, 16, 13] [-11, -23, 37]
[9373, 16, 13] [-7, 13, -103]
[9381, 16, 13] [-3, 53, -59]
[9393, 16, 13] [-3, -31, 101]
[9401, 16, 11] [-7, 17, -79]
[9416, 16, 11] [8, -11, -107]
[9417, 16, 13] [-3, -43, 73]
[9429, 16, 13] [-3, -7, 449]
[9436, 16, 11] [-4, -7, 337]
[9452, 16, 13] [-4, 17, -139]
[9453, 16, 11] [-3, -23, 137]
[9465, 16, 13] [-3, 5, -631]
[9485, 16, 13] [5, -7, -271]
[9512, 16, 10] [8, 29, 41]
[9528, 16, 13] [-8, -3, 397]
[9541, 16, 13] [-7, 29, -47]
[9545, 16, 11] [5, -23, -83]
[9560, 16, 13] [-8, 5, -239]
[9564, 16, 13] [-4, -3, 797]
[9580, 16, 11] [-4, 5, -479]
[9581, 16, 11] [-11, 13, -67]
[9592, 16, 11] [-8, -11, 109]
[9597, 16, 11] [-3, -7, 457]
[9605, 8, 5] [5, 17, 113]
[9624, 16, 13] [-8, -3, 401]
[9628, 16, 11] [-4, 29, -83]
[9640, 16, 10] [8, 5, 241]
[9645, 16, 11] [-3, 5, -643]
[9656, 16, 13] [-8, 17, -71]
[9669, 16, 11] [-3, -11, 293]
[9676, 16, 11] [-4, 41, -59]
[9681, 16, 11] [-3, -7, 461]
[9685, 16, 10] [5, 13, 149]
[9688, 16, 11] [-8, -7, 173]
[9705, 16, 11] [-3, 5, -647]
[9708, 16, 13] [-4, -3, 809]
[9709, 16, 13] [-7, -19, 73]
[9717, 16, 11] [-3, 41, -79]
[9737, 16, 13] [-7, 13, -107]
[9740, 16, 13] [-4, 5, -487]
[9741, 16, 13] [-3, 17, -191]
[9752, 16, 11] [-8, -23, 53]
[9772, 16, 13] [-4, -7, 349]
[9785, 16, 13] [5, -19, -103]
[9789, 16, 11] [-3, 13, -251]
[9805, 16, 10] [5, 37, 53]
[9816, 16, 11] [-8, -3, 409]
[9820, 16, 11] [-4, 5, -491]
[9821, 16, 11] [-7, -23, 61]
[9845, 16, 11] [5, -11, -179]
[9852, 16, 13] [-4, -3, 821]
[9861, 16, 11] [-3, -19, 173]
[9877, 16, 13] [-7, 17, -83]
[9884, 16, 13] [-4, -7, 353]
[9885, 16, 13] [-3, 5, -659]
[9889, 16, 11] [-11, 29, -31]
[9905, 16, 11] [5, -7, -283]
[9916, 16, 11] [-4, 37, -67]
[9928, 16, 10] [8, 17, 73]
[9932, 16, 11] [-4, 13, -191]
[9944, 16, 11] [-8, -11, 113]
[9948, 16, 11] [-4, -3, 829]
[9964, 16, 11] [-4, -47, 53]
[9976, 16, 11] [-8, 29, -43]
[9980, 16, 11] [-4, 5, -499]
[10013, 16, 13] [17, -19, -31]
[10024, 16, 13] [8, -7, -179]
[10028, 16, 13] [-4, -23, 109]
[10040, 16, 13] [-8, 5, -251]
[10056, 16, 11] [8, -3, -419]
[10060, 16, 13] [-4, 5, -503]
[10076, 16, 11] [-4, -11, 229]
[10088, 16, 10] [8, 13, 97]
[10104, 16, 13] [-8, -3, 421]
[10105, 16, 11] [5, -43, -47]
[10136, 16, 11] [-8, -7, 181]
[10137, 16, 11] [-3, -31, 109]
[10149, 16, 11] [-3, 17, -199]
[10153, 16, 11] [-11, 13, -71]
[10165, 16, 13] [5, -19, -107]
[10168, 16, 11] [-8, -31, 41]
[10184, 16, 11] [8, -19, -67]
[10205, 16, 10] [5, 13, 157]
[10209, 16, 13] [-3, 41, -83]
[10236, 16, 11] [-4, -3, 853]
[10245, 16, 11] [-3, 5, -683]
[10252, 16, 13] [-4, -11, 233]
[10257, 16, 11] [-3, 13, -263]
[10268, 16, 11] [-4, 17, -151]
[10280, 16, 10] [8, 5, 257]
[10281, 16, 11] [-3, -23, 149]
[10284, 16, 13] [-4, -3, 857]
[10293, 16, 13] [-3, -47, 73]
[10317, 16, 13] [-3, -19, 181]
[10329, 16, 11] [-3, -11, 313]
